스테이지 시작
블록
3
일반블록
15,50,380,10,380,300,5,620,220
장애물
140,350,470,270
별
710,160
스테이지 끝
스테이지 시작
블록
3
일반블록
15,50,380,10,260,220
부서지는블록
5,620,220
장애물
680,190
점프블록
200,350
별
740,160
스테이지 끝
스테이지 시작
블록
3
일반블록
5,50,380,10,350,310,8,50,160
점프블록
410,280
아이템
110,350
별
50,130
스테이지 끝
스테이지 시작
블록
3
일반블록
10,50,380,5,380,220,5,530,60
점프블록
260,350,500,190
아이템
650,30
별
10,210
스테이지 끝
스테이지 시작
블록
8
일반블록
3,20,380,3,190,310,3,20,240,5,170,30,10,400,300,5,620,110
부서지는블록
3,190,170,3,20,100
장애물
220,280,50,210,220,140,50,70
점프블록
400,270
아이템
640,270
별
710,40
스테이지 끝
스테이지 시작
블록
2
일반블록
5,20,380,5,620,80
장애물
200,170,230,170,260,170,290,170,320,170,350,170,380,170,410,170,440,170,470,170,500,170
점프블록
170,350,110,230,170,140,260,140,350,140,440,140,530,140
별
620,50
스테이지 끝
스테이지 시작
블록
4
일반블록
4,20,380,4,290,380,3,260,200
부서지는블록
3,500,110
장애물
470,140,440,140
점프블록
500,380,590,380,650,230
아이템
110,350,470,80
별
260,170
스테이지 끝